0 0 0.7440158128738403
0 1 0.7747161388397217
0 2 0.7343966960906982
0 3 0.7597669363021851
0 4 0.7592407464981079
0 5 0.7207075953483582
0 6 0.7327677607536316
0 7 0.6947046518325806
0 8 0.7686697840690613
0 9 0.7043281197547913
0 10 0.7523469924926758
0 11 0.7214173674583435
0 12 0.7274535894393921
0 13 0.7767772674560547
0 14 0.7258671522140503
0 15 0.7727402448654175
0 16 0.7561346292495728
0 17 0.7278493046760559
0 18 0.7391244769096375
0 19 0.7446022629737854
0 20 0.7891778349876404
0 21 0.7479238510131836
0 22 0.7299201488494873
0 23 0.7412805557250977
1 0 0.7289318442344666
1 1 0.7620386481285095
1 2 0.7762344479560852
1 3 0.7090321183204651
1 4 0.7374671101570129
1 5 0.7371642589569092
1 6 0.7818021178245544
1 7 0.7513953447341919
1 8 0.6959424018859863
1 9 0.7791652083396912
1 10 0.7534382343292236
1 11 0.751885175704956
1 12 0.7530909776687622
1 13 0.7443017363548279
1 14 0.711983859539032
1 15 0.7801088690757751
1 16 0.7633524537086487
1 17 0.710735559463501
1 18 0.7433232665061951
1 19 0.7332078218460083
1 20 0.7215942740440369
1 21 0.7445187568664551
1 22 0.743372917175293
1 23 0.7318426370620728
2 0 0.7291904091835022
2 1 0.7243224382400513
2 2 0.7594932317733765
2 3 0.7537528276443481
2 4 0.7352794408798218
2 5 0.7456095218658447
2 6 0.7666184902191162
2 7 0.7377632260322571
2 8 0.7408127784729004
2 9 0.7103033661842346
2 10 0.7382104992866516
2 11 0.7116171717643738
2 12 0.7335124611854553
2 13 0.7304392457008362
2 14 0.7608176469802856
2 15 0.7589050531387329
2 16 0.7422201037406921
2 17 0.7104882597923279
2 18 0.7265874743461609
2 19 0.7838488221168518
2 20 0.7699099779129028
2 21 0.7474470138549805
2 22 0.7452254295349121
2 23 0.7835550904273987
3 0 0.7265216708183289
3 1 0.718927800655365
3 2 0.7787536382675171
3 3 0.74535071849823
3 4 0.7407430410385132
3 5 0.741361677646637
3 6 0.7549023032188416
3 7 0.7015814185142517
3 8 0.7448325753211975
3 9 0.7392064332962036
3 10 0.7429162263870239
3 11 0.7445709109306335
3 12 0.7243335247039795
3 13 0.7466296553611755
3 14 0.7288949489593506
3 15 0.7694367170333862
3 16 0.7432456612586975
3 17 0.7549779415130615
3 18 0.7558478116989136
3 19 0.7653321027755737
3 20 0.7417805194854736
3 21 0.7436519265174866
3 22 0.6963114142417908
3 23 0.7958192825317383
4 0 0.7277147769927979
4 1 0.7371217608451843
4 2 0.7420147061347961
4 3 0.7659792900085449
4 4 0.7278367877006531
4 5 0.7782611846923828
4 6 0.7678700089454651
4 7 0.729590654373169
4 8 0.7292578220367432
4 9 0.7454468011856079
4 10 0.7593455910682678
4 11 0.7461744546890259
4 12 0.7883909940719604
4 13 0.7668336629867554
4 14 0.7425782084465027
4 15 0.7455117702484131
4 16 0.7135800123214722
4 17 0.7265051603317261
4 18 0.7611554861068726
4 19 0.7296903133392334
4 20 0.7288991212844849
4 21 0.7537215352058411
4 22 0.7040220499038696
4 23 0.728428065776825
5 0 0.6875327825546265
5 1 0.7291538119316101
5 2 0.7423301935195923
5 3 0.7743139863014221
5 4 0.7793643474578857
5 5 0.7712215781211853
5 6 0.7699440121650696
5 7 0.753480851650238
5 8 0.7014862895011902
5 9 0.7293158769607544
5 10 0.7288378477096558
5 11 0.7947430610656738
5 12 0.7291308641433716
5 13 0.7435100674629211
5 14 0.7398058772087097
5 15 0.7444530725479126
5 16 0.7396647930145264
5 17 0.7733713984489441
5 18 0.7444559931755066
5 19 0.7039445638656616
5 20 0.7354612946510315
5 21 0.7257207036018372
5 22 0.7699946165084839
5 23 0.7346923351287842
6 0 0.7273826003074646
6 1 0.7627100348472595
6 2 0.7448257803916931
6 3 0.704206645488739
6 4 0.7609087228775024
6 5 0.727032482624054
6 6 0.7286853790283203
6 7 0.7535319924354553
6 8 0.733448326587677
6 9 0.755369246006012
6 10 0.7455788850784302
6 11 0.7349377274513245
6 12 0.7717748284339905
6 13 0.7759405970573425
6 14 0.7266442775726318
6 15 0.7533453106880188
6 16 0.7114261984825134
6 17 0.7443110942840576
6 18 0.7534995079040527
6 19 0.7251877188682556
6 20 0.7497482895851135
6 21 0.7635844945907593
6 22 0.7706742882728577
6 23 0.7211756706237793
7 0 0.7509282231330872
7 1 0.7423641681671143
7 2 0.6966066360473633
7 3 0.7264464497566223
7 4 0.7590224146842957
7 5 0.7423310875892639
7 6 0.7183013558387756
7 7 0.7240773439407349
7 8 0.789410412311554
7 9 0.7632160782814026
7 10 0.7795156240463257
7 11 0.7197304964065552
7 12 0.777801513671875
7 13 0.7491054534912109
7 14 0.751999020576477
7 15 0.7201927900314331
7 16 0.7024880647659302
7 17 0.7353044152259827
7 18 0.7636704444885254
7 19 0.7854570150375366
7 20 0.7616109848022461
7 21 0.7455219030380249
7 22 0.7123924493789673
7 23 0.728435754776001
8 0 0.7118450999259949
8 1 0.7455791234970093
8 2 0.7443548440933228
8 3 0.7643190622329712
8 4 0.7597742080688477
8 5 0.7297348976135254
8 6 0.7363141179084778
8 7 0.7620493173599243
8 8 0.7518119215965271
8 9 0.7103831768035889
8 10 0.730318546295166
8 11 0.7197735905647278
8 12 0.770594596862793
8 13 0.7805939316749573
8 14 0.7295380234718323
8 15 0.7360628843307495
8 16 0.7601879239082336
8 17 0.761146068572998
8 18 0.7547653913497925
8 19 0.735152542591095
8 20 0.7282712459564209
8 21 0.736595630645752
8 22 0.7350644469261169
8 23 0.7516990900039673
9 0 0.7356188893318176
9 1 0.7718144059181213
9 2 0.7363010048866272
9 3 0.7180167436599731
9 4 0.7501115202903748
9 5 0.7393677234649658
9 6 0.718944251537323
9 7 0.7371699810028076
9 8 0.7419012188911438
9 9 0.7781241536140442
9 10 0.7893326878547668
9 11 0.7033454179763794
9 12 0.7376013398170471
9 13 0.7036284804344177
9 14 0.778233528137207
9 15 0.7120833992958069
9 16 0.7192056179046631
9 17 0.7641996145248413
9 18 0.7318896651268005
9 19 0.749739408493042
9 20 0.7451416254043579
9 21 0.7586557865142822
9 22 0.7617765665054321
9 23 0.7637268900871277
10 0 0.7349358797073364
10 1 0.7416573166847229
10 2 0.6965169310569763
10 3 0.7366144061088562
10 4 0.7286057472229004
10 5 0.738032877445221
10 6 0.7477417588233948
10 7 0.7638071775436401
10 8 0.760189414024353
10 9 0.7306227684020996
10 10 0.7572543621063232
10 11 0.8103970289230347
10 12 0.7434538006782532
10 13 0.7311132550239563
10 14 0.7417365312576294
10 15 0.7665221691131592
10 16 0.7350180745124817
10 17 0.744198739528656
10 18 0.7513221502304077
10 19 0.7601737380027771
10 20 0.7701582908630371
10 21 0.6966251730918884
10 22 0.6867657899856567
10 23 0.7724669575691223